% Options for packages loaded elsewhere
% Options for packages loaded elsewhere
\PassOptionsToPackage{unicode}{hyperref}
\PassOptionsToPackage{hyphens}{url}
\PassOptionsToPackage{dvipsnames,svgnames,x11names}{xcolor}
%
\documentclass[
  spanish,
  a4paper,
]{scrreport}
\usepackage{xcolor}
\usepackage[a4paper, top=25mm, bottom=25mm, left=25mm,
right=25mm]{geometry}
\usepackage{amsmath,amssymb}
\setcounter{secnumdepth}{5}
\usepackage{iftex}
\ifPDFTeX
  \usepackage[T1]{fontenc}
  \usepackage[utf8]{inputenc}
  \usepackage{textcomp} % provide euro and other symbols
\else % if luatex or xetex
  \usepackage{unicode-math} % this also loads fontspec
  \defaultfontfeatures{Scale=MatchLowercase}
  \defaultfontfeatures[\rmfamily]{Ligatures=TeX,Scale=1}
\fi
\usepackage{lmodern}
\ifPDFTeX\else
  % xetex/luatex font selection
\fi
% Use upquote if available, for straight quotes in verbatim environments
\IfFileExists{upquote.sty}{\usepackage{upquote}}{}
\IfFileExists{microtype.sty}{% use microtype if available
  \usepackage[]{microtype}
  \UseMicrotypeSet[protrusion]{basicmath} % disable protrusion for tt fonts
}{}
\makeatletter
\@ifundefined{KOMAClassName}{% if non-KOMA class
  \IfFileExists{parskip.sty}{%
    \usepackage{parskip}
  }{% else
    \setlength{\parindent}{0pt}
    \setlength{\parskip}{6pt plus 2pt minus 1pt}}
}{% if KOMA class
  \KOMAoptions{parskip=half}}
\makeatother
% Make \paragraph and \subparagraph free-standing
\makeatletter
\ifx\paragraph\undefined\else
  \let\oldparagraph\paragraph
  \renewcommand{\paragraph}{
    \@ifstar
      \xxxParagraphStar
      \xxxParagraphNoStar
  }
  \newcommand{\xxxParagraphStar}[1]{\oldparagraph*{#1}\mbox{}}
  \newcommand{\xxxParagraphNoStar}[1]{\oldparagraph{#1}\mbox{}}
\fi
\ifx\subparagraph\undefined\else
  \let\oldsubparagraph\subparagraph
  \renewcommand{\subparagraph}{
    \@ifstar
      \xxxSubParagraphStar
      \xxxSubParagraphNoStar
  }
  \newcommand{\xxxSubParagraphStar}[1]{\oldsubparagraph*{#1}\mbox{}}
  \newcommand{\xxxSubParagraphNoStar}[1]{\oldsubparagraph{#1}\mbox{}}
\fi
\makeatother

\usepackage{color}
\usepackage{fancyvrb}
\newcommand{\VerbBar}{|}
\newcommand{\VERB}{\Verb[commandchars=\\\{\}]}
\DefineVerbatimEnvironment{Highlighting}{Verbatim}{commandchars=\\\{\}}
% Add ',fontsize=\small' for more characters per line
\usepackage{framed}
\definecolor{shadecolor}{RGB}{241,243,245}
\newenvironment{Shaded}{\begin{snugshade}}{\end{snugshade}}
\newcommand{\AlertTok}[1]{\textcolor[rgb]{0.68,0.00,0.00}{#1}}
\newcommand{\AnnotationTok}[1]{\textcolor[rgb]{0.37,0.37,0.37}{#1}}
\newcommand{\AttributeTok}[1]{\textcolor[rgb]{0.40,0.45,0.13}{#1}}
\newcommand{\BaseNTok}[1]{\textcolor[rgb]{0.68,0.00,0.00}{#1}}
\newcommand{\BuiltInTok}[1]{\textcolor[rgb]{0.00,0.23,0.31}{#1}}
\newcommand{\CharTok}[1]{\textcolor[rgb]{0.13,0.47,0.30}{#1}}
\newcommand{\CommentTok}[1]{\textcolor[rgb]{0.37,0.37,0.37}{#1}}
\newcommand{\CommentVarTok}[1]{\textcolor[rgb]{0.37,0.37,0.37}{\textit{#1}}}
\newcommand{\ConstantTok}[1]{\textcolor[rgb]{0.56,0.35,0.01}{#1}}
\newcommand{\ControlFlowTok}[1]{\textcolor[rgb]{0.00,0.23,0.31}{\textbf{#1}}}
\newcommand{\DataTypeTok}[1]{\textcolor[rgb]{0.68,0.00,0.00}{#1}}
\newcommand{\DecValTok}[1]{\textcolor[rgb]{0.68,0.00,0.00}{#1}}
\newcommand{\DocumentationTok}[1]{\textcolor[rgb]{0.37,0.37,0.37}{\textit{#1}}}
\newcommand{\ErrorTok}[1]{\textcolor[rgb]{0.68,0.00,0.00}{#1}}
\newcommand{\ExtensionTok}[1]{\textcolor[rgb]{0.00,0.23,0.31}{#1}}
\newcommand{\FloatTok}[1]{\textcolor[rgb]{0.68,0.00,0.00}{#1}}
\newcommand{\FunctionTok}[1]{\textcolor[rgb]{0.28,0.35,0.67}{#1}}
\newcommand{\ImportTok}[1]{\textcolor[rgb]{0.00,0.46,0.62}{#1}}
\newcommand{\InformationTok}[1]{\textcolor[rgb]{0.37,0.37,0.37}{#1}}
\newcommand{\KeywordTok}[1]{\textcolor[rgb]{0.00,0.23,0.31}{\textbf{#1}}}
\newcommand{\NormalTok}[1]{\textcolor[rgb]{0.00,0.23,0.31}{#1}}
\newcommand{\OperatorTok}[1]{\textcolor[rgb]{0.37,0.37,0.37}{#1}}
\newcommand{\OtherTok}[1]{\textcolor[rgb]{0.00,0.23,0.31}{#1}}
\newcommand{\PreprocessorTok}[1]{\textcolor[rgb]{0.68,0.00,0.00}{#1}}
\newcommand{\RegionMarkerTok}[1]{\textcolor[rgb]{0.00,0.23,0.31}{#1}}
\newcommand{\SpecialCharTok}[1]{\textcolor[rgb]{0.37,0.37,0.37}{#1}}
\newcommand{\SpecialStringTok}[1]{\textcolor[rgb]{0.13,0.47,0.30}{#1}}
\newcommand{\StringTok}[1]{\textcolor[rgb]{0.13,0.47,0.30}{#1}}
\newcommand{\VariableTok}[1]{\textcolor[rgb]{0.07,0.07,0.07}{#1}}
\newcommand{\VerbatimStringTok}[1]{\textcolor[rgb]{0.13,0.47,0.30}{#1}}
\newcommand{\WarningTok}[1]{\textcolor[rgb]{0.37,0.37,0.37}{\textit{#1}}}

\usepackage{longtable,booktabs,array}
\usepackage{calc} % for calculating minipage widths
% Correct order of tables after \paragraph or \subparagraph
\usepackage{etoolbox}
\makeatletter
\patchcmd\longtable{\par}{\if@noskipsec\mbox{}\fi\par}{}{}
\makeatother
% Allow footnotes in longtable head/foot
\IfFileExists{footnotehyper.sty}{\usepackage{footnotehyper}}{\usepackage{footnote}}
\makesavenoteenv{longtable}
\usepackage{graphicx}
\makeatletter
\newsavebox\pandoc@box
\newcommand*\pandocbounded[1]{% scales image to fit in text height/width
  \sbox\pandoc@box{#1}%
  \Gscale@div\@tempa{\textheight}{\dimexpr\ht\pandoc@box+\dp\pandoc@box\relax}%
  \Gscale@div\@tempb{\linewidth}{\wd\pandoc@box}%
  \ifdim\@tempb\p@<\@tempa\p@\let\@tempa\@tempb\fi% select the smaller of both
  \ifdim\@tempa\p@<\p@\scalebox{\@tempa}{\usebox\pandoc@box}%
  \else\usebox{\pandoc@box}%
  \fi%
}
% Set default figure placement to htbp
\def\fps@figure{htbp}
\makeatother



\ifLuaTeX
\usepackage[bidi=basic]{babel}
\else
\usepackage[bidi=default]{babel}
\fi
% get rid of language-specific shorthands (see #6817):
\let\LanguageShortHands\languageshorthands
\def\languageshorthands#1{}


\setlength{\emergencystretch}{3em} % prevent overfull lines

\providecommand{\tightlist}{%
  \setlength{\itemsep}{0pt}\setlength{\parskip}{0pt}}



 


\usepackage{venndiagram}
\usepackage{fvextra}
% wrap source code produced by Pandoc's Highlighting env
\DefineVerbatimEnvironment{Highlighting}{Verbatim}{breaklines,breakanywhere,commandchars=\\\{\}}
% also wrap generic verbatim (helps with some outputs)
\fvset{breaklines,breakanywhere}
\newcommand{\NN}{\mathbb{N}}
\newcommand{\ZZ}{\mathbb{Z}}
\newcommand{\QQ}{\mathbb{Q}}
\newcommand{\RR}{\mathbb{R}}
\newcommand{\CC}{\mathbb{C}}
\DeclareMathOperator{\operatorname{Int}}{Int}
\DeclareMathOperator{\operatorname{Ext}}{Ext}
\DeclareMathOperator{\operatorname{Fr}}{Fr}
\DeclareMathOperator{\Adh}{Adh}
\DeclareMathOperator{\Ac}{Ac}
\DeclareMathOperator{\sen}{sen}
\usepackage{booktabs}
\usepackage{longtable}
\usepackage{array}
\usepackage{multirow}
\usepackage{wrapfig}
\usepackage{float}
\usepackage{colortbl}
\usepackage{pdflscape}
\usepackage{tabu}
\usepackage{threeparttable}
\usepackage{threeparttablex}
\usepackage[normalem]{ulem}
\usepackage{makecell}
\usepackage{xcolor}
\makeatletter
\@ifpackageloaded{tcolorbox}{}{\usepackage[skins,breakable]{tcolorbox}}
\@ifpackageloaded{fontawesome5}{}{\usepackage{fontawesome5}}
\definecolor{quarto-callout-color}{HTML}{909090}
\definecolor{quarto-callout-note-color}{HTML}{0758E5}
\definecolor{quarto-callout-important-color}{HTML}{CC1914}
\definecolor{quarto-callout-warning-color}{HTML}{EB9113}
\definecolor{quarto-callout-tip-color}{HTML}{00A047}
\definecolor{quarto-callout-caution-color}{HTML}{FC5300}
\definecolor{quarto-callout-color-frame}{HTML}{acacac}
\definecolor{quarto-callout-note-color-frame}{HTML}{4582ec}
\definecolor{quarto-callout-important-color-frame}{HTML}{d9534f}
\definecolor{quarto-callout-warning-color-frame}{HTML}{f0ad4e}
\definecolor{quarto-callout-tip-color-frame}{HTML}{02b875}
\definecolor{quarto-callout-caution-color-frame}{HTML}{fd7e14}
\makeatother
\makeatletter
\@ifpackageloaded{bookmark}{}{\usepackage{bookmark}}
\makeatother
\makeatletter
\@ifpackageloaded{caption}{}{\usepackage{caption}}
\AtBeginDocument{%
\ifdefined\contentsname
  \renewcommand*\contentsname{Tabla de contenidos}
\else
  \newcommand\contentsname{Tabla de contenidos}
\fi
\ifdefined\listfigurename
  \renewcommand*\listfigurename{Listado de Figuras}
\else
  \newcommand\listfigurename{Listado de Figuras}
\fi
\ifdefined\listtablename
  \renewcommand*\listtablename{Listado de Tablas}
\else
  \newcommand\listtablename{Listado de Tablas}
\fi
\ifdefined\figurename
  \renewcommand*\figurename{Figura}
\else
  \newcommand\figurename{Figura}
\fi
\ifdefined\tablename
  \renewcommand*\tablename{Tabla}
\else
  \newcommand\tablename{Tabla}
\fi
}
\@ifpackageloaded{float}{}{\usepackage{float}}
\floatstyle{ruled}
\@ifundefined{c@chapter}{\newfloat{codelisting}{h}{lop}}{\newfloat{codelisting}{h}{lop}[chapter]}
\floatname{codelisting}{Listado}
\newcommand*\listoflistings{\listof{codelisting}{Listado de Listados}}
\usepackage{amsthm}
\theoremstyle{definition}
\newtheorem{exercise}{Ejercicio}[chapter]
\theoremstyle{remark}
\AtBeginDocument{\renewcommand*{\proofname}{Prueba}}
\newtheorem*{remark}{Observación}
\newtheorem*{solution}{Solución}
\newtheorem{refremark}{Observación}[chapter]
\newtheorem{refsolution}{Solución}[chapter]
\makeatother
\makeatletter
\makeatother
\makeatletter
\@ifpackageloaded{caption}{}{\usepackage{caption}}
\@ifpackageloaded{subcaption}{}{\usepackage{subcaption}}
\makeatother
\usepackage{bookmark}
\IfFileExists{xurl.sty}{\usepackage{xurl}}{} % add URL line breaks if available
\urlstyle{same}
\hypersetup{
  pdftitle={Prácticas de Bioestadística con R},
  pdfauthor={Alfredo Sánchez Alberca},
  pdflang={es},
  colorlinks=true,
  linkcolor={blue},
  filecolor={Maroon},
  citecolor={Blue},
  urlcolor={Blue},
  pdfcreator={LaTeX via pandoc}}


\title{Prácticas de Bioestadística con R}
\author{Alfredo Sánchez Alberca}
\date{2025-01-06}
\begin{document}
\begin{titlepage}

%\AddToShipoutPicture*{\put(0,0){\includegraphics[scale=0.8]{img/background2}}} % Imagen de fondo, requiere el paquete eso-pic.
\begin{center}
\vspace*{5cm}

\Huge
{\textbf{\textsf{Prácticas de Bioestadística con R}}}

\vspace{0.5cm}
\LARGE
{\textbf{\textsf{}}}

\vspace{1.5cm}

\includegraphics[width=0.4\textwidth]{img/logos/sticker-bioestadistica-r.png}
\end{center}

\vfill

\begin{flushleft}
\begin{tabular}{ll}
\includegraphics[width=0.1\textwidth]{img/logos/aprendeconalf.png} & \parbox[b]{5cm}{\Large\textsf{Alfredo
Sánchez
Alberca}\\ \textsf{asalber@ceu.es} \\ \textsf{https://aprendeconalf.es}}
\end{tabular}
\end{flushleft}
\end{titlepage}
\renewcommand*\contentsname{Tabla de contenidos}
{
\hypersetup{linkcolor=}
\setcounter{tocdepth}{2}
\tableofcontents
}

\bookmarksetup{startatroot}

\chapter*{Prefacio}\label{prefacio}
\addcontentsline{toc}{chapter}{Prefacio}

\markboth{Prefacio}{Prefacio}

¡Bienvenido a Prácticas de Bioestadística con R!

Este libro presenta una recopilación de prácticas de Bioestadística
Descriptiva e Inferencial con el lenguaje de programación
\href{https://www.r-project.org/}{R}, con problemas aplicados a las
Ciencias de la Salud.

No es un libro para aprender a programar con R, ya que solo enseña el
uso del lenguaje y de algunos de sus paquetes para resolver problemas de
Bioestadística. Para quienes estén interesados en aprender a programar
en este lenguaje, os recomiendo leer este
\href{https://aprendeconalf.es/manual-r/}{manual de R}.

\section*{Capítulos}\label{capuxedtulos}
\addcontentsline{toc}{section}{Capítulos}

\markright{Capítulos}

\begin{enumerate}
\def\labelenumi{\arabic{enumi}.}
\tightlist
\item
  \href{./01-intro.qmd}{Introducción a R}
\item
  \href{02-tipos-datos.qmd}{Tipos y estructuras de datos}
\item
  \href{03-preprocesamiento-datos.qmd}{Preprocesamiento de datos}
\item
  \href{04-frecuencias-graficos.qmd}{Distribuciones de frecuencias y
  representaciones gráficas}
\end{enumerate}

\section*{Licencia}\label{licencia}
\addcontentsline{toc}{section}{Licencia}

\markright{Licencia}

Esta obra está bajo una licencia Reconocimiento -- No comercial --
Compartir bajo la misma licencia 3.0 España de Creative Commons. Para
ver una copia de esta licencia, visite
\url{https://creativecommons.org/licenses/by-nc-sa/3.0/es/}.

Con esta licencia eres libre de:

\begin{itemize}
\tightlist
\item
  Copiar, distribuir y mostrar este trabajo.
\item
  Realizar modificaciones de este trabajo.
\end{itemize}

Bajo las siguientes condiciones:

\begin{itemize}
\item
  \textbf{Reconocimiento}. Debe reconocer los créditos de la obra de la
  manera especificada por el autor o el licenciador (pero no de una
  manera que sugiera que tiene su apoyo o apoyan el uso que hace de su
  obra).
\item
  \textbf{No comercial}. No puede utilizar esta obra para fines
  comerciales.
\item
  \textbf{Compartir bajo la misma licencia}. Si altera o transforma esta
  obra, o genera una obra derivada, sólo puede distribuir la obra
  generada bajo una licencia idéntica a ésta.
\end{itemize}

Al reutilizar o distribuir la obra, tiene que dejar bien claro los
términos de la licencia de esta obra.

Estas condiciones pueden no aplicarse si se obtiene el permiso del
titular de los derechos de autor.

Nada en esta licencia menoscaba o restringe los derechos morales del
autor.

\bookmarksetup{startatroot}

\chapter{Introducción a R}\label{introducciuxf3n-a-r}

La gran potencia de cómputo alcanzada por los ordenadores ha convertido
a los mismos en poderosas herramientas al servicio de todas aquellas
disciplinas que, como la Estadística, requieren manejar un gran volumen
de datos. Actualmente, prácticamente nadie se plantea hacer un estudio
estadístico serio sin la ayuda de un buen programa de análisis de datos.

\textbf{R} es un potente lenguaje de programación que incluye multitud
de funciones para la representación y el análisis de datos. Fue
desarrollado por Robert Gentleman y Ross Ihaka en la Universidad de
Auckland en Nueva Zelanda, aunque actualmente es mantenido por una
enorme comunidad científica en todo el mundo.

\begin{figure}[H]

{\centering \includegraphics[width=0.25\linewidth,height=\textheight,keepaspectratio]{img/logos/Rlogo.png}

}

\caption{Logotipo de R}

\end{figure}%

Las ventajas de R frente a otros programas habituales de análisis de
datos, como pueden ser SPSS, SAS o Matlab, son múltiples:

\begin{itemize}
\tightlist
\item
  Es software libre y por tanto gratuito. Puede descargarse desde la web
  \url{http://www.r-project.org/}.
\item
  Es multiplataforma. Existen versiones para Windows, Mac, Linux y otras
  plataformas.
\item
  Está avalado y en constante desarrollo por una amplia comunidad
  científica distribuida por todo el mundo que lo utiliza como estándar
  para el análisis de datos.
\item
  Cuenta con multitud de paquetes para todo tipo de análisis
  estadísticos y representaciones gráficas, desde los más habituales,
  hasta los más novedosos y sofisticados que no incluyen otros
  programas. Los paquetes están organizados y documentados en un
  \href{https://cran.r-project.org/}{repositorio CRAN} (Comprehensive R
  Archive Network) desde donde pueden descargarse libremente.
\item
  Es programable, lo que permite que el usuario pueda crear fácilmente
  sus propias funciones o paquetes para análisis de datos específicos.
\item
  Existen multitud de libros, manuales y tutoriales libres que permiten
  su aprendizaje e ilustran el análisis estadístico de datos en
  distintas disciplinas científicas como las Matemáticas, la Física, la
  Biología, la Psicología, la Medicina, etc.
\end{itemize}

\section{Instalación de R}\label{instalaciuxf3n-de-r}

R puede descargarse desde el \href{https://www.r-project.org/}{sitio web
oficial de R} o desde el repositorio principal de paquetes de R
\href{https://cran.r-project.org/}{CRAN}. Basta con descargar el archivo
de instalación correspondiente al sistema operativo de nuestro ordenador
y realizar la instalación como cualquier otro programa.

El intérprete de R se arranca desde la terminal, aunque en Windows
incorpora su propia aplicación, pero es muy básica. En general, para
trabajos serios, conviene utilizar un entorno de desarrollo para R.

\section{Entornos de desarrollo}\label{entornos-de-desarrollo}

Por defecto el entorno de trabajo de R es en línea de comandos, lo que
significa que los cálculos y los análisis se realizan mediante comandos
o instrucciones que el usuario teclea en una ventana de texto. No
obstante, existen distintas interfaces gráficas de usuario que facilitan
su uso, sobre todo para usuarios noveles. Algunas de ellas, como las que
se enumeran a continuación, son completos entornos de desarrollo que
facilitan la gestión de cualquier proyecto:

\begin{itemize}
\tightlist
\item
  \href{https://www.rstudio.com/}{RStudio}. Probablemente el entorno de
  desarrollo más extendido para programar con R ya que incorpora
  multitud de utilidades para facilitar la programación con R.
\end{itemize}

\begin{figure}[H]

{\centering \pandocbounded{\includegraphics[keepaspectratio]{img/rstudio.png}}

}

\caption{Entorno de desarrollo RStudio}

\end{figure}%

\begin{itemize}
\tightlist
\item
  \href{https://rkward.kde.org}{RKWard}. Es otra otro de los entornos de
  desarrollo más completos que además incluye a posibilidad de añadir
  nuevos menús y cuadros de diálogo personalizados.
\end{itemize}

\begin{figure}[H]

{\centering \pandocbounded{\includegraphics[keepaspectratio]{img/rkward.png}}

}

\caption{Entorno de desarrollo RKWard}

\end{figure}%

\begin{itemize}
\tightlist
\item
  \href{https://jupyter.org/}{Jupyter Lab}. Es un entorno de desarrollo
  interactivo que permite la creación de documentos que contienen
  código, texto, gráficos. Aunque no es un entorno de desarrollo
  específico para R, incluye un kernel para R que permite ejecutar
  código R en los documentos.
\end{itemize}

\begin{figure}[H]

{\centering \pandocbounded{\includegraphics[keepaspectratio]{img/jupyter-lab.png}}

}

\caption{Entorno de desarrollo Jupyter Lab}

\end{figure}%

\begin{itemize}
\tightlist
\item
  \href{https://code.visualstudio.com/}{Visual Studio Code}. Es un
  entorno de desarrollo de propósito general ampliamente extendido.
  Aunque no es un entorno de desarrollo específico para R, incluye una
  extensión con utilidades que facilitan mucho el desarrollo con R.
\end{itemize}

\begin{figure}[H]

{\centering \pandocbounded{\includegraphics[keepaspectratio]{img/vscode-r.png}}

}

\caption{Entorno de desarrollo Visual Studio Code}

\end{figure}%

\section{Instalación de paquetes}\label{instalaciuxf3n-de-paquetes}

R es un lenguaje de programación modular, lo que significa que su
funcionalidad se extiende mediante paquetes. Los paquetes son
colecciones de funciones, datos y documentación sobre el uso de esas
funciones o conjuntos de datos.

El repositorio de paquetes más importante es
\href{https://cran.r-project.org/}{CRAN} (Comprehensive R Archive
Network), pero existen otros repositorios como
\href{https://www.bioconductor.org/}{Bioconductor} que contiene paquetes
específicos para el análisis de datos biológicos.

\subsection{Instalación de paquetes desde
CRAN}\label{instalaciuxf3n-de-paquetes-desde-cran}

Para instalar un paquete en R basta con ejecutar la función
\texttt{install.packages()} con el nombre del paquete que se desea
instalar. Por ejemplo, para instalar el paquete \texttt{ggplot2} que es
uno de los paquetes más utilizados para realizar gráficos en R, basta
con ejecutar el siguiente comando:

\begin{Shaded}
\begin{Highlighting}[]
\FunctionTok{install.packages}\NormalTok{(}\StringTok{"ggplot2"}\NormalTok{)}
\end{Highlighting}
\end{Shaded}

Los ubicación de los paquete instalados en R depende del sistema
operativo, pero puede consultarse en la variable \texttt{.libPaths()}.

\subsection{Instalación de paquetes desde
Bioconductor}\label{instalaciuxf3n-de-paquetes-desde-bioconductor}

Para instalar un paquete desde Bioconductor es necesario instalar
primero el paquete \texttt{BiocManager} y después utilizar la función
\texttt{BiocManager::install()} con el nombre del paquete que se desea
instalar. Por ejemplo, para instalar el paquete \texttt{DESeq2} que es
uno de los paquetes más utilizados para el análisis de datos de
expresión génica, basta con ejecutar el siguiente comando:

\begin{Shaded}
\begin{Highlighting}[]
\FunctionTok{install.packages}\NormalTok{(}\StringTok{"BiocManager"}\NormalTok{)}
\NormalTok{BiocManager}\SpecialCharTok{::}\FunctionTok{install}\NormalTok{(}\StringTok{"DESeq2"}\NormalTok{)}
\end{Highlighting}
\end{Shaded}

\section{Actualización de paquetes}\label{actualizaciuxf3n-de-paquetes}

Cada cierto tiempo conviene actualizar los paquetes instalados en R para
asegurarse de que se dispone de las últimas versiones de los mismos.
Para ello se puede utilizar la función \texttt{update.packages()}. Por
ejemplo, para actualizar todos los paquetes instalados en R sin
necesidad de confirmación por parte del usuario, basta con ejecutar el
siguiente comando:

\begin{Shaded}
\begin{Highlighting}[]
\FunctionTok{update.packages}\NormalTok{(}\AttributeTok{ask =} \ConstantTok{FALSE}\NormalTok{)}
\end{Highlighting}
\end{Shaded}

\bookmarksetup{startatroot}

\chapter{Tipos y estructuras de
datos}\label{tipos-y-estructuras-de-datos}

Esta práctica contiene ejercicios que muestran cómo trabajar con los
tipos y estructuras de datos en R. En concreto, las estructuras de datos
que se utilizan son

\begin{itemize}
\tightlist
\item
  Vectores.
\item
  Factores.
\item
  Matrices.
\item
  Listas.
\item
  Dataframes.
\end{itemize}

\section{Ejercicios Resueltos}\label{ejercicios-resueltos}

Para la realización de esta práctica se requieren los siguientes
paquetes.

\begin{Shaded}
\begin{Highlighting}[]
\FunctionTok{library}\NormalTok{(tidyverse) }
\CommentTok{\# Incluye los siguientes paquetes:}
\CommentTok{\# {-} readr: para la lectura de ficheros csv. }
\CommentTok{\# {-} dplyr: para el preprocesamiento y manipulación de datos.}
\FunctionTok{library}\NormalTok{(knitr) }\CommentTok{\# Para el formateo de tablas.}
\end{Highlighting}
\end{Shaded}

\begin{exercise}[]\protect\hypertarget{exr-vectores-1}{}\label{exr-vectores-1}

Realizar las siguientes operaciones con vectores.

\begin{enumerate}
\def\labelenumi{\alph{enumi}.}
\item
  Crear un vector con los números del 1 al 10.

  \begin{tcolorbox}[enhanced jigsaw, colback=white, coltitle=black, toprule=.15mm, rightrule=.15mm, opacitybacktitle=0.6, opacityback=0, bottomtitle=1mm, toptitle=1mm, titlerule=0mm, breakable, leftrule=.75mm, title=\textcolor{quarto-callout-tip-color}{\faLightbulb}\hspace{0.5em}{Solución}, arc=.35mm, left=2mm, bottomrule=.15mm, colframe=quarto-callout-tip-color-frame, colbacktitle=quarto-callout-tip-color!10!white]

  \section{Función c}

  La función \texttt{c()} permite combinar elementos en un vector. Los
  elementos se introducen separados por comas.

\begin{Shaded}
\begin{Highlighting}[]
\NormalTok{numeros }\OtherTok{\textless{}{-}} \FunctionTok{c}\NormalTok{(}\DecValTok{1}\NormalTok{, }\DecValTok{2}\NormalTok{, }\DecValTok{3}\NormalTok{, }\DecValTok{4}\NormalTok{, }\DecValTok{5}\NormalTok{, }\DecValTok{6}\NormalTok{, }\DecValTok{7}\NormalTok{, }\DecValTok{8}\NormalTok{, }\DecValTok{9}\NormalTok{, }\DecValTok{10}\NormalTok{)}
\NormalTok{numeros}
\end{Highlighting}
\end{Shaded}

\begin{verbatim}
 [1]  1  2  3  4  5  6  7  8  9 10
\end{verbatim}

  \section{Operador :}

  El operador \texttt{inicio:fin} permite crear un vector con la
  secuencia de números enteros desde el número \texttt{inicio} hasta el
  número \texttt{fin}.

\begin{Shaded}
\begin{Highlighting}[]
\NormalTok{numeros }\OtherTok{\textless{}{-}} \DecValTok{1}\SpecialCharTok{:}\DecValTok{10}
\NormalTok{numeros}
\end{Highlighting}
\end{Shaded}

\begin{verbatim}
 [1]  1  2  3  4  5  6  7  8  9 10
\end{verbatim}

  \end{tcolorbox}
\item
  Mostrar el número de elementos del vector anterior.

  \begin{tcolorbox}[enhanced jigsaw, colback=white, coltitle=black, toprule=.15mm, rightrule=.15mm, opacitybacktitle=0.6, opacityback=0, bottomtitle=1mm, toptitle=1mm, titlerule=0mm, breakable, leftrule=.75mm, title=\textcolor{quarto-callout-tip-color}{\faLightbulb}\hspace{0.5em}{Solución}, arc=.35mm, left=2mm, bottomrule=.15mm, colframe=quarto-callout-tip-color-frame, colbacktitle=quarto-callout-tip-color!10!white]

\begin{Shaded}
\begin{Highlighting}[]
\FunctionTok{length}\NormalTok{(numeros)}
\end{Highlighting}
\end{Shaded}

\begin{verbatim}
[1] 10
\end{verbatim}

  \end{tcolorbox}
\item
  Crear un vector con los números pares del 1 al 10.

  \begin{tcolorbox}[enhanced jigsaw, colback=white, coltitle=black, toprule=.15mm, rightrule=.15mm, opacitybacktitle=0.6, opacityback=0, bottomtitle=1mm, toptitle=1mm, titlerule=0mm, breakable, leftrule=.75mm, title=\textcolor{quarto-callout-tip-color}{\faLightbulb}\hspace{0.5em}{Solución}, arc=.35mm, left=2mm, bottomrule=.15mm, colframe=quarto-callout-tip-color-frame, colbacktitle=quarto-callout-tip-color!10!white]

  \section{Función c}

\begin{Shaded}
\begin{Highlighting}[]
\NormalTok{pares }\OtherTok{\textless{}{-}} \FunctionTok{c}\NormalTok{(}\DecValTok{2}\NormalTok{, }\DecValTok{4}\NormalTok{, }\DecValTok{6}\NormalTok{, }\DecValTok{8}\NormalTok{, }\DecValTok{10}\NormalTok{)}
\NormalTok{pares}
\end{Highlighting}
\end{Shaded}

\begin{verbatim}
[1]  2  4  6  8 10
\end{verbatim}

  \section{Función seq}

  La función \texttt{seq(inicio,\ fin,\ salto)} permite crear un vector
  con la secuencia de números enteros desde el número \texttt{inicio}
  hasta el número \texttt{fin} con un salto de \texttt{salto}.

\begin{Shaded}
\begin{Highlighting}[]
\NormalTok{pares }\OtherTok{\textless{}{-}} \FunctionTok{seq}\NormalTok{(}\DecValTok{2}\NormalTok{, }\DecValTok{10}\NormalTok{, }\AttributeTok{by =} \DecValTok{2}\NormalTok{)}
\NormalTok{pares}
\end{Highlighting}
\end{Shaded}

\begin{verbatim}
[1]  2  4  6  8 10
\end{verbatim}

  \end{tcolorbox}
\item
  Crear un vector con el cuadrado de los elementos del vector anterior.

  \begin{tcolorbox}[enhanced jigsaw, colback=white, coltitle=black, toprule=.15mm, rightrule=.15mm, opacitybacktitle=0.6, opacityback=0, bottomtitle=1mm, toptitle=1mm, titlerule=0mm, breakable, leftrule=.75mm, title=\textcolor{quarto-callout-tip-color}{\faLightbulb}\hspace{0.5em}{Solución}, arc=.35mm, left=2mm, bottomrule=.15mm, colframe=quarto-callout-tip-color-frame, colbacktitle=quarto-callout-tip-color!10!white]

  El operador \texttt{\^{}} permite elevar un número a otro. Cuando se
  aplica a un vector, eleva cada elemento del vector al número indicado.

\begin{Shaded}
\begin{Highlighting}[]
\NormalTok{cuadrados }\OtherTok{\textless{}{-}}\NormalTok{ pares}\SpecialCharTok{\^{}}\DecValTok{2}
\NormalTok{cuadrados}
\end{Highlighting}
\end{Shaded}

\begin{verbatim}
[1]   4  16  36  64 100
\end{verbatim}

  \end{tcolorbox}
\item
  Crear un vector con 5 números aleatorios entre 1 y 10.

  \begin{tcolorbox}[enhanced jigsaw, colback=white, coltitle=black, toprule=.15mm, rightrule=.15mm, opacitybacktitle=0.6, opacityback=0, bottomtitle=1mm, toptitle=1mm, titlerule=0mm, breakable, leftrule=.75mm, title=\textcolor{quarto-callout-tip-color}{\faLightbulb}\hspace{0.5em}{Solución}, arc=.35mm, left=2mm, bottomrule=.15mm, colframe=quarto-callout-tip-color-frame, colbacktitle=quarto-callout-tip-color!10!white]

  La función \texttt{sample(vector,\ n)} permite seleccionar \texttt{n}
  elementos aleatorios de \texttt{vector}. El muestreo es sin
  reemplazamiento.

\begin{Shaded}
\begin{Highlighting}[]
\NormalTok{aleatorios }\OtherTok{\textless{}{-}} \FunctionTok{sample}\NormalTok{(}\DecValTok{1}\SpecialCharTok{:}\DecValTok{10}\NormalTok{, }\DecValTok{5}\NormalTok{)}
\NormalTok{aleatorios}
\end{Highlighting}
\end{Shaded}

\begin{verbatim}
[1] 6 3 8 4 7
\end{verbatim}

  \end{tcolorbox}
\item
  Crear un vector booleano con los números del vector anterior que son
  pares.

  \begin{tcolorbox}[enhanced jigsaw, colback=white, coltitle=black, toprule=.15mm, rightrule=.15mm, opacitybacktitle=0.6, opacityback=0, bottomtitle=1mm, toptitle=1mm, titlerule=0mm, breakable, leftrule=.75mm, title=\textcolor{quarto-callout-tip-color}{\faLightbulb}\hspace{0.5em}{Solución}, arc=.35mm, left=2mm, bottomrule=.15mm, colframe=quarto-callout-tip-color-frame, colbacktitle=quarto-callout-tip-color!10!white]

  El operador \texttt{\%\%} permite calcular el resto de la división
  entera de dos números. Si el resto es 0, el número es par. Y el
  operador \texttt{==} permite comparar dos vectores elemento a
  elemento.

\begin{Shaded}
\begin{Highlighting}[]
\NormalTok{par }\OtherTok{\textless{}{-}}\NormalTok{ aleatorios }\SpecialCharTok{\%\%} \DecValTok{2} \SpecialCharTok{==} \DecValTok{0}
\NormalTok{par}
\end{Highlighting}
\end{Shaded}

\begin{verbatim}
[1]  TRUE FALSE  TRUE  TRUE FALSE
\end{verbatim}

  \end{tcolorbox}
\item
  Crear un vector con 100 números aleatorios entre 0 y 1.

  \begin{tcolorbox}[enhanced jigsaw, colback=white, coltitle=black, toprule=.15mm, rightrule=.15mm, opacitybacktitle=0.6, opacityback=0, bottomtitle=1mm, toptitle=1mm, titlerule=0mm, breakable, leftrule=.75mm, title=\textcolor{quarto-callout-tip-color}{\faLightbulb}\hspace{0.5em}{Solución}, arc=.35mm, left=2mm, bottomrule=.15mm, colframe=quarto-callout-tip-color-frame, colbacktitle=quarto-callout-tip-color!10!white]

  La función \texttt{runif(n,\ min,\ max)} permite generar \texttt{n}
  números aleatorios entre \texttt{min} y \texttt{max}.

\begin{Shaded}
\begin{Highlighting}[]
\NormalTok{aleatorios2 }\OtherTok{\textless{}{-}} \FunctionTok{runif}\NormalTok{(}\DecValTok{100}\NormalTok{, }\DecValTok{0}\NormalTok{, }\DecValTok{1}\NormalTok{)}
\NormalTok{aleatorios2}
\end{Highlighting}
\end{Shaded}

\begin{verbatim}
  [1] 0.1745409642 0.8289490622 0.3387814090 0.2167543538 0.1134076703
  [6] 0.6286752101 0.0106526525 0.1093907864 0.4900617937 0.1743749664
 [11] 0.6800843242 0.3646354883 0.6454122416 0.6526214175 0.9228122986
 [16] 0.3606315583 0.9950923640 0.3035428333 0.3958196980 0.2882284960
 [21] 0.2466872018 0.7218768313 0.6346673232 0.1410502058 0.8611289370
 [26] 0.0003058636 0.3754426709 0.4195440877 0.8103933139 0.9372969284
 [31] 0.7834821693 0.5671130815 0.3657950263 0.5821609648 0.1728922669
 [36] 0.1561128458 0.5271299311 0.3742025893 0.0244430660 0.1007965880
 [41] 0.3624238258 0.5429654324 0.7071530661 0.8355117675 0.5359205685
 [46] 0.3299977432 0.8245965624 0.3711511579 0.3284018056 0.7122194655
 [51] 0.7498793411 0.0470338808 0.0745800762 0.0610937241 0.8508216981
 [56] 0.9843574974 0.5178964895 0.8918249931 0.3667059876 0.1444752673
 [61] 0.3411170160 0.7664597644 0.4821867910 0.1529245593 0.7845511439
 [66] 0.3426257242 0.2204916265 0.6151761415 0.7651914931 0.2320692504
 [71] 0.4251030553 0.0818873062 0.2786484116 0.3453063101 0.4440597491
 [76] 0.0636016356 0.8731953043 0.7871375214 0.6084885013 0.6492142531
 [81] 0.6086444778 0.0130130642 0.2902684920 0.3225914293 0.1915048878
 [86] 0.8669210437 0.3068271666 0.7916705245 0.4637930305 0.8580898261
 [91] 0.8771222837 0.3976583821 0.5987865699 0.8512456813 0.5968641667
 [96] 0.1862874334 0.9470176871 0.8725937384 0.8956902823 0.4447817269
\end{verbatim}

  \end{tcolorbox}
\item
  Ordenar el vector anterior de menor a mayor.

  \begin{tcolorbox}[enhanced jigsaw, colback=white, coltitle=black, toprule=.15mm, rightrule=.15mm, opacitybacktitle=0.6, opacityback=0, bottomtitle=1mm, toptitle=1mm, titlerule=0mm, breakable, leftrule=.75mm, title=\textcolor{quarto-callout-tip-color}{\faLightbulb}\hspace{0.5em}{Solución}, arc=.35mm, left=2mm, bottomrule=.15mm, colframe=quarto-callout-tip-color-frame, colbacktitle=quarto-callout-tip-color!10!white]

  La función \texttt{sort(vector)} permite ordenar los elementos de un
  vector de menor a mayor.

\begin{Shaded}
\begin{Highlighting}[]
\FunctionTok{sort}\NormalTok{(aleatorios2)}
\end{Highlighting}
\end{Shaded}

\begin{verbatim}
  [1] 0.0003058636 0.0106526525 0.0130130642 0.0244430660 0.0470338808
  [6] 0.0610937241 0.0636016356 0.0745800762 0.0818873062 0.1007965880
 [11] 0.1093907864 0.1134076703 0.1410502058 0.1444752673 0.1529245593
 [16] 0.1561128458 0.1728922669 0.1743749664 0.1745409642 0.1862874334
 [21] 0.1915048878 0.2167543538 0.2204916265 0.2320692504 0.2466872018
 [26] 0.2786484116 0.2882284960 0.2902684920 0.3035428333 0.3068271666
 [31] 0.3225914293 0.3284018056 0.3299977432 0.3387814090 0.3411170160
 [36] 0.3426257242 0.3453063101 0.3606315583 0.3624238258 0.3646354883
 [41] 0.3657950263 0.3667059876 0.3711511579 0.3742025893 0.3754426709
 [46] 0.3958196980 0.3976583821 0.4195440877 0.4251030553 0.4440597491
 [51] 0.4447817269 0.4637930305 0.4821867910 0.4900617937 0.5178964895
 [56] 0.5271299311 0.5359205685 0.5429654324 0.5671130815 0.5821609648
 [61] 0.5968641667 0.5987865699 0.6084885013 0.6086444778 0.6151761415
 [66] 0.6286752101 0.6346673232 0.6454122416 0.6492142531 0.6526214175
 [71] 0.6800843242 0.7071530661 0.7122194655 0.7218768313 0.7498793411
 [76] 0.7651914931 0.7664597644 0.7834821693 0.7845511439 0.7871375214
 [81] 0.7916705245 0.8103933139 0.8245965624 0.8289490622 0.8355117675
 [86] 0.8508216981 0.8512456813 0.8580898261 0.8611289370 0.8669210437
 [91] 0.8725937384 0.8731953043 0.8771222837 0.8918249931 0.8956902823
 [96] 0.9228122986 0.9372969284 0.9470176871 0.9843574974 0.9950923640
\end{verbatim}

  \end{tcolorbox}
\item
  Ordenar el vector anterior de mayor a menor.

  \begin{tcolorbox}[enhanced jigsaw, colback=white, coltitle=black, toprule=.15mm, rightrule=.15mm, opacitybacktitle=0.6, opacityback=0, bottomtitle=1mm, toptitle=1mm, titlerule=0mm, breakable, leftrule=.75mm, title=\textcolor{quarto-callout-tip-color}{\faLightbulb}\hspace{0.5em}{Solución}, arc=.35mm, left=2mm, bottomrule=.15mm, colframe=quarto-callout-tip-color-frame, colbacktitle=quarto-callout-tip-color!10!white]

  La función \texttt{sort(vector,\ decreasing\ =\ TRUE)} permite ordenar
  los elementos de un vector de mayor a menor.

\begin{Shaded}
\begin{Highlighting}[]
\FunctionTok{sort}\NormalTok{(aleatorios2, }\AttributeTok{decreasing =} \ConstantTok{TRUE}\NormalTok{)}
\end{Highlighting}
\end{Shaded}

\begin{verbatim}
  [1] 0.9950923640 0.9843574974 0.9470176871 0.9372969284 0.9228122986
  [6] 0.8956902823 0.8918249931 0.8771222837 0.8731953043 0.8725937384
 [11] 0.8669210437 0.8611289370 0.8580898261 0.8512456813 0.8508216981
 [16] 0.8355117675 0.8289490622 0.8245965624 0.8103933139 0.7916705245
 [21] 0.7871375214 0.7845511439 0.7834821693 0.7664597644 0.7651914931
 [26] 0.7498793411 0.7218768313 0.7122194655 0.7071530661 0.6800843242
 [31] 0.6526214175 0.6492142531 0.6454122416 0.6346673232 0.6286752101
 [36] 0.6151761415 0.6086444778 0.6084885013 0.5987865699 0.5968641667
 [41] 0.5821609648 0.5671130815 0.5429654324 0.5359205685 0.5271299311
 [46] 0.5178964895 0.4900617937 0.4821867910 0.4637930305 0.4447817269
 [51] 0.4440597491 0.4251030553 0.4195440877 0.3976583821 0.3958196980
 [56] 0.3754426709 0.3742025893 0.3711511579 0.3667059876 0.3657950263
 [61] 0.3646354883 0.3624238258 0.3606315583 0.3453063101 0.3426257242
 [66] 0.3411170160 0.3387814090 0.3299977432 0.3284018056 0.3225914293
 [71] 0.3068271666 0.3035428333 0.2902684920 0.2882284960 0.2786484116
 [76] 0.2466872018 0.2320692504 0.2204916265 0.2167543538 0.1915048878
 [81] 0.1862874334 0.1745409642 0.1743749664 0.1728922669 0.1561128458
 [86] 0.1529245593 0.1444752673 0.1410502058 0.1134076703 0.1093907864
 [91] 0.1007965880 0.0818873062 0.0745800762 0.0636016356 0.0610937241
 [96] 0.0470338808 0.0244430660 0.0130130642 0.0106526525 0.0003058636
\end{verbatim}

  \end{tcolorbox}
\item
  Crear un vector con los días laborables de la semana.

  \begin{tcolorbox}[enhanced jigsaw, colback=white, coltitle=black, toprule=.15mm, rightrule=.15mm, opacitybacktitle=0.6, opacityback=0, bottomtitle=1mm, toptitle=1mm, titlerule=0mm, breakable, leftrule=.75mm, title=\textcolor{quarto-callout-tip-color}{\faLightbulb}\hspace{0.5em}{Solución}, arc=.35mm, left=2mm, bottomrule=.15mm, colframe=quarto-callout-tip-color-frame, colbacktitle=quarto-callout-tip-color!10!white]

\begin{Shaded}
\begin{Highlighting}[]
\NormalTok{dias\_laborables }\OtherTok{\textless{}{-}} \FunctionTok{c}\NormalTok{(}\StringTok{"Lunes"}\NormalTok{, }\StringTok{"Martes"}\NormalTok{, }\StringTok{"Miércoles"}\NormalTok{, }\StringTok{"Jueves"}\NormalTok{, }\StringTok{"Viernes"}\NormalTok{)}
\NormalTok{dias\_laborables}
\end{Highlighting}
\end{Shaded}

\begin{verbatim}
[1] "Lunes"     "Martes"    "Miércoles" "Jueves"    "Viernes"  
\end{verbatim}

  \end{tcolorbox}
\item
  Añadir los días del fin de semana al vector anterior y guardar el
  resultado en una nueva variable.

  \begin{tcolorbox}[enhanced jigsaw, colback=white, coltitle=black, toprule=.15mm, rightrule=.15mm, opacitybacktitle=0.6, opacityback=0, bottomtitle=1mm, toptitle=1mm, titlerule=0mm, breakable, leftrule=.75mm, title=\textcolor{quarto-callout-tip-color}{\faLightbulb}\hspace{0.5em}{Solución}, arc=.35mm, left=2mm, bottomrule=.15mm, colframe=quarto-callout-tip-color-frame, colbacktitle=quarto-callout-tip-color!10!white]

\begin{Shaded}
\begin{Highlighting}[]
\NormalTok{dias }\OtherTok{\textless{}{-}} \FunctionTok{c}\NormalTok{(dias\_laborables, }\StringTok{"Sábado"}\NormalTok{, }\StringTok{"Domingo"}\NormalTok{)}
\NormalTok{dias}
\end{Highlighting}
\end{Shaded}

\begin{verbatim}
[1] "Lunes"     "Martes"    "Miércoles" "Jueves"    "Viernes"  
[6] "Sábado"    "Domingo"  
\end{verbatim}

  \end{tcolorbox}
\item
  Acceder al tercer elemento del vector.

  \begin{tcolorbox}[enhanced jigsaw, colback=white, coltitle=black, toprule=.15mm, rightrule=.15mm, opacitybacktitle=0.6, opacityback=0, bottomtitle=1mm, toptitle=1mm, titlerule=0mm, breakable, leftrule=.75mm, title=\textcolor{quarto-callout-tip-color}{\faLightbulb}\hspace{0.5em}{Solución}, arc=.35mm, left=2mm, bottomrule=.15mm, colframe=quarto-callout-tip-color-frame, colbacktitle=quarto-callout-tip-color!10!white]

\begin{Shaded}
\begin{Highlighting}[]
\NormalTok{dias\_laborables[}\DecValTok{3}\NormalTok{]}
\end{Highlighting}
\end{Shaded}

\begin{verbatim}
[1] "Miércoles"
\end{verbatim}

  \end{tcolorbox}
\item
  Seleccionar los días pares del vector.

  \begin{tcolorbox}[enhanced jigsaw, colback=white, coltitle=black, toprule=.15mm, rightrule=.15mm, opacitybacktitle=0.6, opacityback=0, bottomtitle=1mm, toptitle=1mm, titlerule=0mm, breakable, leftrule=.75mm, title=\textcolor{quarto-callout-tip-color}{\faLightbulb}\hspace{0.5em}{Solución}, arc=.35mm, left=2mm, bottomrule=.15mm, colframe=quarto-callout-tip-color-frame, colbacktitle=quarto-callout-tip-color!10!white]

  \section{Índices numéricos}

\begin{Shaded}
\begin{Highlighting}[]
\NormalTok{dias[}\FunctionTok{c}\NormalTok{(}\DecValTok{2}\NormalTok{, }\DecValTok{4}\NormalTok{, }\DecValTok{6}\NormalTok{)]}
\end{Highlighting}
\end{Shaded}

\begin{verbatim}
[1] "Martes" "Jueves" "Sábado"
\end{verbatim}

  \section{Índices numéricos negativos}

\begin{Shaded}
\begin{Highlighting}[]
\NormalTok{dias[}\SpecialCharTok{{-}}\FunctionTok{c}\NormalTok{(}\DecValTok{1}\NormalTok{, }\DecValTok{3}\NormalTok{, }\DecValTok{5}\NormalTok{, }\DecValTok{7}\NormalTok{)]}
\end{Highlighting}
\end{Shaded}

\begin{verbatim}
[1] "Martes" "Jueves" "Sábado"
\end{verbatim}

  \section{Índices lógicos}

\begin{Shaded}
\begin{Highlighting}[]
\NormalTok{dias[}\FunctionTok{c}\NormalTok{(}\ConstantTok{FALSE}\NormalTok{, }\ConstantTok{TRUE}\NormalTok{)]}
\end{Highlighting}
\end{Shaded}

\begin{verbatim}
[1] "Martes" "Jueves" "Sábado"
\end{verbatim}

  \end{tcolorbox}
\item
  Concatenar los elementos del vector en una cadena de texto.

  \begin{tcolorbox}[enhanced jigsaw, colback=white, coltitle=black, toprule=.15mm, rightrule=.15mm, opacitybacktitle=0.6, opacityback=0, bottomtitle=1mm, toptitle=1mm, titlerule=0mm, breakable, leftrule=.75mm, title=\textcolor{quarto-callout-tip-color}{\faLightbulb}\hspace{0.5em}{Solución}, arc=.35mm, left=2mm, bottomrule=.15mm, colframe=quarto-callout-tip-color-frame, colbacktitle=quarto-callout-tip-color!10!white]

  La función \texttt{paste(vector,\ collapse\ =\ "\ ")} permite
  concatenar los elementos de un vector en una cadena de texto separados
  por un espacio.

\begin{Shaded}
\begin{Highlighting}[]
