[
  {
    "objectID": "index.html",
    "href": "index.html",
    "title": "Prácticas de Bioestadística con R",
    "section": "",
    "text": "Prefacio\n¡Bienvenido a Prácticas de Bioestadística con R!\nEste libro presenta una recopilación de prácticas de Bioestadística Descriptiva e Inferencial con el lenguaje de programación R, con problemas aplicados a las Ciencias de la Salud.\nNo es un libro para aprender a programar con R, ya que solo enseña el uso del lenguaje y de algunos de sus paquetes para resolver problemas de Bioestadística. Para quienes estén interesados en aprender a programar en este lenguaje, os recomiendo leer este manual de R.",
    "crumbs": [
      "Prefacio"
    ]
  },
  {
    "objectID": "index.html#capítulos",
    "href": "index.html#capítulos",
    "title": "Prácticas de Bioestadística con R",
    "section": "Capítulos",
    "text": "Capítulos\n\nIntroducción a R\nTipos y estructuras de datos\nPreprocesamiento de datos\nDistribuciones de frecuencias y representaciones gráficas\nEstadística descriptiva",
    "crumbs": [
      "Prefacio"
    ]
  },
  {
    "objectID": "index.html#licencia",
    "href": "index.html#licencia",
    "title": "Prácticas de Bioestadística con R",
    "section": "Licencia",
    "text": "Licencia\nEsta obra está bajo una licencia Reconocimiento – No comercial – Compartir bajo la misma licencia 3.0 España de Creative Commons. Para ver una copia de esta licencia, visite https://creativecommons.org/licenses/by-nc-sa/3.0/es/.\nCon esta licencia eres libre de:\n\nCopiar, distribuir y mostrar este trabajo.\nRealizar modificaciones de este trabajo.\n\nBajo las siguientes condiciones:\n\nReconocimiento. Debe reconocer los créditos de la obra de la manera especificada por el autor o el licenciador (pero no de una manera que sugiera que tiene su apoyo o apoyan el uso que hace de su obra).\nNo comercial. No puede utilizar esta obra para fines comerciales.\nCompartir bajo la misma licencia. Si altera o transforma esta obra, o genera una obra derivada, sólo puede distribuir la obra generada bajo una licencia idéntica a ésta.\n\nAl reutilizar o distribuir la obra, tiene que dejar bien claro los términos de la licencia de esta obra.\nEstas condiciones pueden no aplicarse si se obtiene el permiso del titular de los derechos de autor.\nNada en esta licencia menoscaba o restringe los derechos morales del autor.",
    "crumbs": [
      "Prefacio"
    ]
  },
  {
    "objectID": "01-intro.html",
    "href": "01-intro.html",
    "title": "1  Introducción a R",
    "section": "",
    "text": "1.1 Instalación de R\nLa gran potencia de cómputo alcanzada por los ordenadores ha convertido a los mismos en poderosas herramientas al servicio de todas aquellas disciplinas que, como la Estadística, requieren manejar un gran volumen de datos. Actualmente, prácticamente nadie se plantea hacer un estudio estadístico serio sin la ayuda de un buen programa de análisis de datos.\nR es un potente lenguaje de programación que incluye multitud de funciones para la representación y el análisis de datos. Fue desarrollado por Robert Gentleman y Ross Ihaka en la Universidad de Auckland en Nueva Zelanda, aunque actualmente es mantenido por una enorme comunidad científica en todo el mundo.\nLas ventajas de R frente a otros programas habituales de análisis de datos, como pueden ser SPSS, SAS o Matlab, son múltiples:\nR puede descargarse desde el sitio web oficial de R o desde el repositorio principal de paquetes de R CRAN. Basta con descargar el archivo de instalación correspondiente al sistema operativo de nuestro ordenador y realizar la instalación como cualquier otro programa.\nEl intérprete de R se arranca desde la terminal, aunque en Windows incorpora su propia aplicación, pero es muy básica. En general, para trabajos serios, conviene utilizar un entorno de desarrollo para R.",
    "crumbs": [
      "<span class='chapter-number'>1</span>  <span class='chapter-title'>Introducción a R</span>"
    ]
  },
  {
    "objectID": "01-intro.html#entornos-de-desarrollo",
    "href": "01-intro.html#entornos-de-desarrollo",
    "title": "1  Introducción a R",
    "section": "1.2 Entornos de desarrollo",
    "text": "1.2 Entornos de desarrollo\nPor defecto el entorno de trabajo de R es en línea de comandos, lo que significa que los cálculos y los análisis se realizan mediante comandos o instrucciones que el usuario teclea en una ventana de texto. No obstante, existen distintas interfaces gráficas de usuario que facilitan su uso, sobre todo para usuarios noveles. Algunas de ellas, como las que se enumeran a continuación, son completos entornos de desarrollo que facilitan la gestión de cualquier proyecto:\n\nRStudio. Probablemente el entorno de desarrollo más extendido para programar con R ya que incorpora multitud de utilidades para facilitar la programación con R.\n\n\n\nEntorno de desarrollo RStudio\n\n\nPositron. Es un entorno de desarrollo moderno y potente para R y Python que incluye muchas de las funcionalidades de RStudio, pero con una interfaz más moderna y atractiva.\n\n\n\nEntorno de desarrollo Positron\n\n\nRKWard. Es otra otro de los entornos de desarrollo más completos que además incluye a posibilidad de añadir nuevos menús y cuadros de diálogo personalizados.\n\n\n\nEntorno de desarrollo RKWard\n\n\nJupyter Lab. Es un entorno de desarrollo interactivo que permite la creación de documentos que contienen código, texto, gráficos. Aunque no es un entorno de desarrollo específico para R, incluye un kernel para R que permite ejecutar código R en los documentos.\n\n\n\nEntorno de desarrollo Jupyter Lab\n\n\nVisual Studio Code. Es un entorno de desarrollo de propósito general ampliamente extendido. Aunque no es un entorno de desarrollo específico para R, incluye una extensión con utilidades que facilitan mucho el desarrollo con R.\n\n\n\nEntorno de desarrollo Visual Studio Code",
    "crumbs": [
      "<span class='chapter-number'>1</span>  <span class='chapter-title'>Introducción a R</span>"
    ]
  },
  {
    "objectID": "01-intro.html#instalación-de-paquetes",
    "href": "01-intro.html#instalación-de-paquetes",
    "title": "1  Introducción a R",
    "section": "1.3 Instalación de paquetes",
    "text": "1.3 Instalación de paquetes\nR es un lenguaje de programación modular, lo que significa que su funcionalidad se extiende mediante paquetes. Los paquetes son colecciones de funciones, datos y documentación sobre el uso de esas funciones o conjuntos de datos.\nEl repositorio de paquetes más importante es CRAN (Comprehensive R Archive Network), pero existen otros repositorios como Bioconductor que contiene paquetes específicos para el análisis de datos biológicos.\n\n1.3.1 Instalación de paquetes desde CRAN\nPara instalar un paquete en R basta con ejecutar la función install.packages() con el nombre del paquete que se desea instalar. Por ejemplo, para instalar el paquete ggplot2 que es uno de los paquetes más utilizados para realizar gráficos en R, basta con ejecutar el siguiente comando:\ninstall.packages(\"ggplot2\")\nLos ubicación de los paquete instalados en R depende del sistema operativo, pero puede consultarse en la variable .libPaths().\n\n\n1.3.2 Instalación de paquetes desde Bioconductor\nPara instalar un paquete desde Bioconductor es necesario instalar primero el paquete BiocManager y después utilizar la función BiocManager::install() con el nombre del paquete que se desea instalar. Por ejemplo, para instalar el paquete DESeq2 que es uno de los paquetes más utilizados para el análisis de datos de expresión génica, basta con ejecutar el siguiente comando:\ninstall.packages(\"BiocManager\")\nBiocManager::install(\"DESeq2\")",
    "crumbs": [
      "<span class='chapter-number'>1</span>  <span class='chapter-title'>Introducción a R</span>"
    ]
  },
  {
    "objectID": "01-intro.html#actualización-de-paquetes",
    "href": "01-intro.html#actualización-de-paquetes",
    "title": "1  Introducción a R",
    "section": "1.4 Actualización de paquetes",
    "text": "1.4 Actualización de paquetes\nCada cierto tiempo conviene actualizar los paquetes instalados en R para asegurarse de que se dispone de las últimas versiones de los mismos. Para ello se puede utilizar la función update.packages(). Por ejemplo, para actualizar todos los paquetes instalados en R sin necesidad de confirmación por parte del usuario, basta con ejecutar el siguiente comando:\nupdate.packages(ask = FALSE)",
    "crumbs": [
      "<span class='chapter-number'>1</span>  <span class='chapter-title'>Introducción a R</span>"
    ]
  },
  {
    "objectID": "02-tipos-datos.html",
    "href": "02-tipos-datos.html",
    "title": "\n2  Tipos y estructuras de datos\n",
    "section": "",
    "text": "2.1 Ejercicios Resueltos\nEsta práctica contiene ejercicios que muestran cómo trabajar con los tipos y estructuras de datos en R. En concreto, las estructuras de datos que se utilizan son\nPara la realización de esta práctica se requieren los siguientes paquetes.",
    "crumbs": [
      "<span class='chapter-number'>2</span>  <span class='chapter-title'>Tipos y estructuras de datos</span>"
    ]
  },
  {
    "objectID": "02-tipos-datos.html#ejercicios-resueltos",
    "href": "02-tipos-datos.html#ejercicios-resueltos",
    "title": "\n2  Tipos y estructuras de datos\n",
    "section": "",
    "text": "library(tidyverse) \n# Incluye los siguientes paquetes:\n# - readr: para la lectura de ficheros csv. \n# - dplyr: para el preprocesamiento y manipulación de datos.\nlibrary(knitr) # Para el formateo de tablas.\n\nEjercicio 2.1 Realizar las siguientes operaciones con vectores.\n\n\nCrear un vector con los números del 1 al 10.\n\n\n\n\n\n\nTipSolución\n\n\n\n\n\n\n\nFunción c\nOperador :\n\n\n\nLa función c() permite combinar elementos en un vector. Los elementos se introducen separados por comas.\n\nnumeros &lt;- c(1, 2, 3, 4, 5, 6, 7, 8, 9, 10)\nnumeros\n\n [1]  1  2  3  4  5  6  7  8  9 10\n\n\n\n\nEl operador inicio:fin permite crear un vector con la secuencia de números enteros desde el número inicio hasta el número fin.\n\nnumeros &lt;- 1:10\nnumeros\n\n [1]  1  2  3  4  5  6  7  8  9 10\n\n\n\n\n\n\n\n\n\n\nMostrar el número de elementos del vector anterior.\n\n\n\n\n\n\nTipSolución\n\n\n\n\n\n\nlength(numeros)\n\n[1] 10\n\n\n\n\n\n\n\nCrear un vector con los números pares del 1 al 10.\n\n\n\n\n\n\nTipSolución\n\n\n\n\n\n\n\nFunción c\nFunción seq\n\n\n\n\npares &lt;- c(2, 4, 6, 8, 10)\npares\n\n[1]  2  4  6  8 10\n\n\n\n\nLa función seq(inicio, fin, salto) permite crear un vector con la secuencia de números enteros desde el número inicio hasta el número fin con un salto de salto.\n\npares &lt;- seq(2, 10, by = 2)\npares\n\n[1]  2  4  6  8 10\n\n\n\n\n\n\n\n\n\n\nCrear un vector con el cuadrado de los elementos del vector anterior.\n\n\n\n\n\n\nTipSolución\n\n\n\n\n\nEl operador ^ permite elevar un número a otro. Cuando se aplica a un vector, eleva cada elemento del vector al número indicado.\n\ncuadrados &lt;- pares^2\ncuadrados\n\n[1]   4  16  36  64 100\n\n\n\n\n\n\n\nCrear un vector con 5 números aleatorios entre 1 y 10.\n\n\n\n\n\n\nTipSolución\n\n\n\n\n\nLa función sample(vector, n) permite seleccionar n elementos aleatorios de vector. El muestreo es sin reemplazamiento.\n\naleatorios &lt;- sample(1:10, 5)\naleatorios\n\n[1] 4 3 5 6 8\n\n\n\n\n\n\n\nCrear un vector booleano con los números del vector anterior que son pares.\n\n\n\n\n\n\nTipSolución\n\n\n\n\n\nEl operador %% permite calcular el resto de la división entera de dos números. Si el resto es 0, el número es par. Y el operador == permite comparar dos vectores elemento a elemento.\n\npar &lt;- aleatorios %% 2 == 0\npar\n\n[1]  TRUE FALSE FALSE  TRUE  TRUE\n\n\n\n\n\n\n\nCrear un vector con 100 números aleatorios entre 0 y 1.\n\n\n\n\n\n\nTipSolución\n\n\n\n\n\nLa función runif(n, min, max) permite generar n números aleatorios entre min y max.\n\naleatorios2 &lt;- runif(100, 0, 1)\naleatorios2\n\n  [1] 0.322143736 0.640537319 0.097356274 0.769778814 0.387708824\n  [6] 0.066808142 0.943174637 0.488400354 0.358921218 0.381282488\n [11] 0.322183436 0.451469685 0.478463364 0.819454569 0.275394045\n [16] 0.486091303 0.508069147 0.101928952 0.028562110 0.957932287\n [21] 0.255025505 0.199457932 0.568155546 0.222476513 0.911868882\n [26] 0.660776472 0.794303513 0.465136961 0.910000671 0.810644530\n [31] 0.559775349 0.228132182 0.649144605 0.612284162 0.844030651\n [36] 0.949490223 0.308666851 0.228178730 0.346650004 0.645242130\n [41] 0.455592573 0.001227975 0.812311662 0.160228807 0.360911173\n [46] 0.298722735 0.532342712 0.292525605 0.236770124 0.944413330\n [51] 0.854193809 0.080505518 0.389847530 0.223049372 0.262969065\n [56] 0.169691995 0.277616180 0.114090482 0.825319858 0.188877553\n [61] 0.769074459 0.721937008 0.450047404 0.225709911 0.528968454\n [66] 0.787624617 0.956289938 0.933921000 0.424753571 0.282607245\n [71] 0.586632011 0.089872617 0.088861457 0.805517991 0.747520153\n [76] 0.431330576 0.161643424 0.171161064 0.106304926 0.034886076\n [81] 0.035396270 0.626450045 0.867004533 0.727148224 0.870238194\n [86] 0.731507651 0.626859422 0.939856205 0.923213090 0.649246575\n [91] 0.414917730 0.538202943 0.642931904 0.380356887 0.734289655\n [96] 0.335155831 0.351896962 0.344334566 0.569817304 0.148206539\n\n\n\n\n\n\n\nOrdenar el vector anterior de menor a mayor.\n\n\n\n\n\n\nTipSolución\n\n\n\n\n\nLa función sort(vector) permite ordenar los elementos de un vector de menor a mayor.\n\nsort(aleatorios2)\n\n  [1] 0.001227975 0.028562110 0.034886076 0.035396270 0.066808142\n  [6] 0.080505518 0.088861457 0.089872617 0.097356274 0.101928952\n [11] 0.106304926 0.114090482 0.148206539 0.160228807 0.161643424\n [16] 0.169691995 0.171161064 0.188877553 0.199457932 0.222476513\n [21] 0.223049372 0.225709911 0.228132182 0.228178730 0.236770124\n [26] 0.255025505 0.262969065 0.275394045 0.277616180 0.282607245\n [31] 0.292525605 0.298722735 0.308666851 0.322143736 0.322183436\n [36] 0.335155831 0.344334566 0.346650004 0.351896962 0.358921218\n [41] 0.360911173 0.380356887 0.381282488 0.387708824 0.389847530\n [46] 0.414917730 0.424753571 0.431330576 0.450047404 0.451469685\n [51] 0.455592573 0.465136961 0.478463364 0.486091303 0.488400354\n [56] 0.508069147 0.528968454 0.532342712 0.538202943 0.559775349\n [61] 0.568155546 0.569817304 0.586632011 0.612284162 0.626450045\n [66] 0.626859422 0.640537319 0.642931904 0.645242130 0.649144605\n [71] 0.649246575 0.660776472 0.721937008 0.727148224 0.731507651\n [76] 0.734289655 0.747520153 0.769074459 0.769778814 0.787624617\n [81] 0.794303513 0.805517991 0.810644530 0.812311662 0.819454569\n [86] 0.825319858 0.844030651 0.854193809 0.867004533 0.870238194\n [91] 0.910000671 0.911868882 0.923213090 0.933921000 0.939856205\n [96] 0.943174637 0.944413330 0.949490223 0.956289938 0.957932287\n\n\n\n\n\n\n\nOrdenar el vector anterior de mayor a menor.\n\n\n\n\n\n\nTipSolución\n\n\n\n\n\nLa función sort(vector, decreasing = TRUE) permite ordenar los elementos de un vector de mayor a menor.\n\nsort(aleatorios2, decreasing = TRUE)\n\n  [1] 0.957932287 0.956289938 0.949490223 0.944413330 0.943174637\n  [6] 0.939856205 0.933921000 0.923213090 0.911868882 0.910000671\n [11] 0.870238194 0.867004533 0.854193809 0.844030651 0.825319858\n [16] 0.819454569 0.812311662 0.810644530 0.805517991 0.794303513\n [21] 0.787624617 0.769778814 0.769074459 0.747520153 0.734289655\n [26] 0.731507651 0.727148224 0.721937008 0.660776472 0.649246575\n [31] 0.649144605 0.645242130 0.642931904 0.640537319 0.626859422\n [36] 0.626450045 0.612284162 0.586632011 0.569817304 0.568155546\n [41] 0.559775349 0.538202943 0.532342712 0.528968454 0.508069147\n [46] 0.488400354 0.486091303 0.478463364 0.465136961 0.455592573\n [51] 0.451469685 0.450047404 0.431330576 0.424753571 0.414917730\n [56] 0.389847530 0.387708824 0.381282488 0.380356887 0.360911173\n [61] 0.358921218 0.351896962 0.346650004 0.344334566 0.335155831\n [66] 0.322183436 0.322143736 0.308666851 0.298722735 0.292525605\n [71] 0.282607245 0.277616180 0.275394045 0.262969065 0.255025505\n [76] 0.236770124 0.228178730 0.228132182 0.225709911 0.223049372\n [81] 0.222476513 0.199457932 0.188877553 0.171161064 0.169691995\n [86] 0.161643424 0.160228807 0.148206539 0.114090482 0.106304926\n [91] 0.101928952 0.097356274 0.089872617 0.088861457 0.080505518\n [96] 0.066808142 0.035396270 0.034886076 0.028562110 0.001227975\n\n\n\n\n\n\n\nCrear un vector con los días laborables de la semana.\n\n\n\n\n\n\nTipSolución\n\n\n\n\n\n\ndias_laborables &lt;- c(\"Lunes\", \"Martes\", \"Miércoles\", \"Jueves\", \"Viernes\")\ndias_laborables\n\n[1] \"Lunes\"     \"Martes\"    \"Miércoles\" \"Jueves\"    \"Viernes\"  \n\n\n\n\n\n\n\nAñadir los días del fin de semana al vector anterior y guardar el resultado en una nueva variable.\n\n\n\n\n\n\nTipSolución\n\n\n\n\n\n\ndias &lt;- c(dias_laborables, \"Sábado\", \"Domingo\")\ndias\n\n[1] \"Lunes\"     \"Martes\"    \"Miércoles\" \"Jueves\"    \"Viernes\"  \n[6] \"Sábado\"    \"Domingo\"  \n\n\n\n\n\n\n\nAcceder al tercer elemento del vector.\n\n\n\n\n\n\nTipSolución\n\n\n\n\n\n\ndias_laborables[3]\n\n[1] \"Miércoles\"\n\n\n\n\n\n\n\nSeleccionar los días pares del vector.\n\n\n\n\n\n\nTipSolución\n\n\n\n\n\n\n\nÍndices numéricos\nÍndices numéricos negativos\nÍndices lógicos\n\n\n\n\ndias[c(2, 4, 6)]\n\n[1] \"Martes\" \"Jueves\" \"Sábado\"\n\n\n\n\n\ndias[-c(1, 3, 5, 7)]\n\n[1] \"Martes\" \"Jueves\" \"Sábado\"\n\n\n\n\n\ndias[c(FALSE, TRUE)]\n\n[1] \"Martes\" \"Jueves\" \"Sábado\"\n\n\n\n\n\n\n\n\n\n\nConcatenar los elementos del vector en una cadena de texto.\n\n\n\n\n\n\nTipSolución\n\n\n\n\n\nLa función paste(vector, collapse = \" \") permite concatenar los elementos de un vector en una cadena de texto separados por un espacio.\n\npaste(dias, collapse = \" \")\n\n[1] \"Lunes Martes Miércoles Jueves Viernes Sábado Domingo\"\n\n\n\n\n\n\n\nConcatenar los elementos del vector en una cadena de texto separados por comas.\n\n\n\n\n\n\nTipSolución\n\n\n\n\n\n\nsemana &lt;- paste(dias, collapse = \", \")\nsemana\n\n[1] \"Lunes, Martes, Miércoles, Jueves, Viernes, Sábado, Domingo\"\n\n\n\n\n\n\n\nDividir la cadena anterior en subcadenas usando como separador la coma.\n\n\n\n\n\n\nTipSolución\n\n\n\n\n\nLa función strsplit(cadena, separador) permite dividir una cadena de texto en subcadenas usando como separador el valor de separador.\n\nstrsplit(semana, \", \")\n\n[[1]]\n[1] \"Lunes\"     \"Martes\"    \"Miércoles\" \"Jueves\"    \"Viernes\"  \n[6] \"Sábado\"    \"Domingo\"  \n\n\n\n\n\n\n\n\n\nEjercicio 2.2 Se ha tomado una muestra de alumnos de una clase y se ha recogido la información sobre el sexo de los alumnos obteniendo los siguientes datos:\n\\[\n\\mbox{Mujer, Hombre, Mujer, Hombre, Mujer, Mujer, Hombre, Hombre}\n\\]\n\n\nCrear un vector con los datos de la muestra.\n\n\n\n\n\n\nTipSolución\n\n\n\n\n\n\nsexo &lt;- c(\"Mujer\", \"Hombre\", \"Mujer\", \"Hombre\", \"Mujer\", \"Mujer\", \"Hombre\", \"Hombre\")\nsexo\n\n[1] \"Mujer\"  \"Hombre\" \"Mujer\"  \"Hombre\" \"Mujer\"  \"Mujer\"  \"Hombre\"\n[8] \"Hombre\"\n\n\n\n\n\n\n\nConvertir el vector anterior en un factor.\n\n\n\n\n\n\nTipSolución\n\n\n\n\n\nLa función factor(vector, labels) permite convertir vector en un factor con los niveles o categorías especificados en labels. Si no se indica labels, los niveles se toman de los elementos del vector y se ordenan alfabéticamente.\n\nsexo &lt;- factor(sexo)\nsexo\n\n[1] Mujer  Hombre Mujer  Hombre Mujer  Mujer  Hombre Hombre\nLevels: Hombre Mujer\n\n\n\n\n\n\n\nMostrar los niveles del factor.\n\n\n\n\n\n\nTipSolución\n\n\n\n\n\nLa función levels(factor) permite mostrar los niveles del factor factor.\n\nlevels(sexo)\n\n[1] \"Hombre\" \"Mujer\" \n\n\n\n\n\n\n\nReordenar los niveles del factor para que la categoría “Mujer” sea la primera.\n\n\n\n\n\n\nTipSolución\n\n\n\n\n\n\nsexo &lt;- factor(sexo, levels = c(\"Mujer\", \"Hombre\"))\nsexo\n\n[1] Mujer  Hombre Mujer  Hombre Mujer  Mujer  Hombre Hombre\nLevels: Mujer Hombre\n\n\n\n\n\n\n\n\n\nEjercicio 2.3 Realizar las siguientes operaciones con matrices.\n\n\nCrear una matriz de 2 filas y 2 columnas con los números del 1 al 4.\n\n\n\n\n\n\nTipSolución\n\n\n\n\n\nLa función matrix(vector, nrow, ncol) permite crear una matriz con los datos de vector el número de filas indicado en nrow y el número de columnas indicado en ncol.\n\nA &lt;- matrix(1:4, nrow = 2, ncol = 2)\nA\n\n     [,1] [,2]\n[1,]    1    3\n[2,]    2    4\n\n\n\n\n\n\n\nAñadir a la matriz anterior una nueva columna con los números del 5 y 6.\n\n\n\n\n\n\nTipSolución\n\n\n\n\n\nLa función cbind(matriz, vector) permite añadir una nueva columna a la matriz matriz con los datos de vector.\n\nA &lt;- cbind(A, 5:6)\nA\n\n     [,1] [,2] [,3]\n[1,]    1    3    5\n[2,]    2    4    6\n\n\n\n\n\n\n\nCrear una matriz de 2 filas y 2 columnas con los números del 1 al 4, rellenando los elementos por filas.\n\n\n\n\n\n\nTipSolución\n\n\n\n\n\nLa función matrix rellena los elementos de la matriz por columnas. Para rellenar los elementos por filas, se puede utilizar el parámetro opcional byrow = TRUE.\n\nB &lt;- matrix(1:4, nrow = 2, ncol = 2, byrow = TRUE)\nB\n\n     [,1] [,2]\n[1,]    1    2\n[2,]    3    4\n\n\n\n\n\n\n\nCrear otra matriz a partir de la anterior añadiendo una fila con los números 5 y 6.\n\n\n\n\n\n\nTipSolución\n\n\n\n\n\n\nB &lt;- rbind(B, 5:6)\nB\n\n     [,1] [,2]\n[1,]    1    2\n[2,]    3    4\n[3,]    5    6\n\n\n\n\n\n\n\nAcceder al elemento de la segunda fila y la primera columna de la matriz anterior.\n\n\n\n\n\n\nTipSolución\n\n\n\n\n\n\nB[2, 1]\n\n[1] 3\n\n\n\n\n\n\n\nSeleccionar la primera fila de la matriz.\n\n\n\n\n\n\nTipSolución\n\n\n\n\n\n\nB[1, ]\n\n[1] 1 2\n\n\n\n\n\n\n\nSeleccionar la segunda columna de la matriz.\n\n\n\n\n\n\nTipSolución\n\n\n\n\n\n\nB[, 2]\n\n[1] 2 4 6\n\n\n\n\n\n\n\nMultiplicar la matriz A por la matriz B.\n\n\n\n\n\n\nTipSolución\n\n\n\n\n\nLa multiplicación de matrices se realiza con el operador %*%.\n\nA %*% B\n\n     [,1] [,2]\n[1,]   35   44\n[2,]   44   56\n\n\n\n\n\n\n\nCalcular la transpuesta de la matriz A.\n\n\n\n\n\n\nTipSolución\n\n\n\n\n\nLa función t(matriz) permite calcular la transpuesta de matriz.\n\nt(A)\n\n     [,1] [,2]\n[1,]    1    2\n[2,]    3    4\n[3,]    5    6\n\n\n\n\n\n\n\n\n\nEjercicio 2.4 Realizar las siguientes operaciones con listas.\n\n\nCrear una lista con los siguientes con los datos del siguiente alumno:\n\nNombre: Juan.\nEdad: 20 años.\n\n\n\n\n\n\n\nTipSolución\n\n\n\n\n\nPara crear una lista se utiliza la función list(nombre1 = valor1, nombre2 = valor2, ...).\n\nalumno &lt;- list(Nombre = \"Juan\", Edad = 20)\nalumno\n\n$Nombre\n[1] \"Juan\"\n\n$Edad\n[1] 20\n\n\n\n\n\n\n\nObtener la edad del alumno.\n\n\n\n\n\n\nTipSolución\n\n\n\n\n\nPara acceder a los elementos de una lista se utiliza el operador $.\n\nalumno$Edad\n\n[1] 20\n\n\n\n\n\n\n\nCrear una lista con las siguientes notas del alumno:\n\nMatemáticas: 7.\nQuímica: 8.\n\n\n\n\n\n\n\nTipSolución\n\n\n\n\n\n\nnotas &lt;- list(Matemáticas = 7, Química = 8)\nnotas\n\n$Matemáticas\n[1] 7\n\n$Química\n[1] 8\n\n\n\n\n\n\n\nAñadir la lista de notas a la lista del alumno.\n\n\n\n\n\n\nTipSolución\n\n\n\n\n\n\nalumno$Notas &lt;- notas\nalumno\n\n$Nombre\n[1] \"Juan\"\n\n$Edad\n[1] 20\n\n$Notas\n$Notas$Matemáticas\n[1] 7\n\n$Notas$Química\n[1] 8\n\n\n\n\n\n\n\nAñadir a la lista anterior la nota del examen de Física, que ha sido un 6.\n\n\n\n\n\n\nTipSolución\n\n\n\n\n\n\nalumno$Notas$Física &lt;- 6\nalumno\n\n$Nombre\n[1] \"Juan\"\n\n$Edad\n[1] 20\n\n$Notas\n$Notas$Matemáticas\n[1] 7\n\n$Notas$Química\n[1] 8\n\n$Notas$Física\n[1] 6\n\n\n\n\n\n\n\n\n\nEjercicio 2.5 La siguiente tabla contiene los ingresos y gastos de una empresa durante el primer trimestre del año.\n\n\n\n\nMes\nIngresos\nGastos\nImpuestos\n\n\n\nEnero\n45000\n33400\n6450\n\n\nFebrero\n41500\n35400\n6300\n\n\nMarzo\n51200\n35600\n7100\n\n\n\n\n\n\n\nCrear un data frame con los datos de la tabla.\n\n\n\n\n\n\nTipSolución\n\n\n\n\n\nPara crear un data frame se utiliza la función data.frame(columna1 = vector1, columna2 = vector2, ...), donde columna1, columna2, … son los nombres de las columnas y vector1, vector2, … son los vectores con los datos de cada columna, que deben tener la misma longitud.\n\ndf &lt;- data.frame(\n    Mes = c(\"Enero\", \"Febrero\", \"Marzo\"),\n    Ingresos = c(45000, 41500, 51200),\n    Gastos = c(33400, 35400, 35600)\n    )\ndf \n\n\n\n\nMes\nIngresos\nGastos\n\n\n\nEnero\n45000\n33400\n\n\nFebrero\n41500\n35400\n\n\nMarzo\n51200\n35600\n\n\n\n\n\n\n\n\n\n\n\nAñadir una nueva columna con los siguientes impuestos pagados.\n\n\n\n\nMes\nImpuestos\n\n\n\nEnero\n6450\n\n\nFebrero\n6300\n\n\nMarzo\n7100\n\n\n\n\n\n\n\n\n\n\n\nTipSolución\n\n\n\n\n\n\n\nBase\nTidyverse\n\n\n\nCon las funciones del paquete base de R.\n\ndf$Impuestos &lt;- c(6450, 6300, 7100)\ndf\n\n\n\n\nMes\nIngresos\nGastos\nImpuestos\n\n\n\nEnero\n45000\n33400\n6450\n\n\nFebrero\n41500\n35400\n6300\n\n\nMarzo\n51200\n35600\n7100\n\n\n\n\n\n\n\n\nCon las funciones del paquete dplyr de tidyverse.\n\ndf &lt;- df |&gt; mutate(Impuestos = c(6450, 6300, 7100))\ndf\n\n\n\n\nMes\nIngresos\nGastos\nImpuestos\n\n\n\nEnero\n45000\n33400\n6450\n\n\nFebrero\n41500\n35400\n6300\n\n\nMarzo\n51200\n35600\n7100\n\n\n\n\n\n\n\n\n\n\n\n\n\n\nAñadir una nueva fila con los siguientes datos de Abril.\n\n\n\n\nMes\nIngresos\nGastos\nImpuestos\n\n\nAbril\n49700\n36300\n6850\n\n\n\n\n\n\n\n\n\n\nTipSolución\n\n\n\n\n\n\n\nBase\nTidyverse\n\n\n\nCon las funciones del paquete base de R.\n\ndf &lt;- rbind(df, list(Mes = \"Abril\", Ingresos = 49700, Gastos = 36300, Impuestos = 6850))\ndf\n\n\n\n\nMes\nIngresos\nGastos\nImpuestos\n\n\n\nEnero\n45000\n33400\n6450\n\n\nFebrero\n41500\n35400\n6300\n\n\nMarzo\n51200\n35600\n7100\n\n\nAbril\n49700\n36300\n6850\n\n\n\n\n\n\n\n\nCon las funciones del paquete dplyr de tidyverse.\n\ndf &lt;- df |&gt; add_row(Mes = \"Abril\", Ingresos = 49700, Gastos = 36300, Impuestos = 6850)\ndf\n\n\n\n\nMes\nIngresos\nGastos\nImpuestos\n\n\n\nEnero\n45000\n33400\n6450\n\n\nFebrero\n41500\n35400\n6300\n\n\nMarzo\n51200\n35600\n7100\n\n\nAbril\n49700\n36300\n6850\n\n\n\n\n\n\n\n\n\n\n\n\n\n\nCambiar los ingresos de Marzo por 50400.\n\n\n\n\n\n\nTipSolución\n\n\n\n\n\n\ndf[3, \"Ingresos\"] &lt;- 50400\ndf\n\n\n\n\nMes\nIngresos\nGastos\nImpuestos\n\n\n\nEnero\n45000\n33400\n6450\n\n\nFebrero\n41500\n35400\n6300\n\n\nMarzo\n50400\n35600\n7100\n\n\nAbril\n49700\n36300\n6850\n\n\n\n\n\n\n\n\n\n\n\nGuardar el data frame en un fichero csv.\n\n\n\n\n\n\nTipSolución\n\n\n\n\n\nLa función write.csv(dataframe, \"fichero.csv\") permite guardar el data frame dataframe en el fichero fichero.csv.\n\nwrite.csv(df, \"datos/ingresos_gastos.csv\", row.names = FALSE)\n\n\n\n\n\n\n\n\nEjercicio 2.6 El fichero colesterol.csv contiene información de una muestra de pacientes donde se han medido la edad, el sexo, el peso, la altura y el nivel de colesterol, además de su nombre.\n\n\nCrear un data frame con los datos de todos los pacientes del estudio a partir del fichero colesterol.csv y mostrar las primeras filas.\n\n\n\n\n\n\nTipSolución\n\n\n\n\n\n\n\nBase\nTidyverse\n\n\n\nCon las funciones del paquete base de R. La función read.csv(\"fichero.csv\") permite leer un fichero csv y cargar los datos en un data frame. Y la función head(dataframe) permite mostrar las primeras filas del data frame dataframe.\n\ndf &lt;- read.csv(\"https://aprendeconalf.es/estadistica-practicas-r/datos/colesterol.csv\")\nhead(df)\n\n\n\n\nnombre\nedad\nsexo\npeso\naltura\ncolesterol\n\n\n\nJosé Luis Martínez Izquierdo\n18\nH\n85\n1.79\n182\n\n\nRosa Díaz Díaz\n32\nM\n65\n1.73\n232\n\n\nJavier García Sánchez\n24\nH\nNA\n1.81\n191\n\n\nCarmen López Pinzón\n35\nM\n65\n1.70\n200\n\n\nMarisa López Collado\n46\nM\n51\n1.58\n148\n\n\nAntonio Ruiz Cruz\n68\nH\n66\n1.74\n249\n\n\n\n\n\n\n\n\nCon la función read_csv del paquete del paquete readr de tidyverse.\n\ndf &lt;- read_csv(\"https://aprendeconalf.es/estadistica-practicas-r/datos/colesterol.csv\")\nhead(df)\n\n\n\n\nnombre\nedad\nsexo\npeso\naltura\ncolesterol\n\n\n\nJosé Luis Martínez Izquierdo\n18\nH\n85\n1.79\n182\n\n\nRosa Díaz Díaz\n32\nM\n65\n1.73\n232\n\n\nJavier García Sánchez\n24\nH\nNA\n1.81\n191\n\n\nCarmen López Pinzón\n35\nM\n65\n1.70\n200\n\n\nMarisa López Collado\n46\nM\n51\n1.58\n148\n\n\nAntonio Ruiz Cruz\n68\nH\n66\n1.74\n249\n\n\n\n\n\n\n\n\n\n\n\n\n\n\nMostrar las variables del data frame.\n\n\n\n\n\n\nTipSolución\n\n\n\n\n\n\n\nBase\nTidyverse\n\n\n\nCon las funciones del paquete base de R.\n\ncolnames(df)\n\n[1] \"nombre\"     \"edad\"       \"sexo\"       \"peso\"       \"altura\"    \n[6] \"colesterol\"\n\n\n\n\nCon la función glimpse del paquete dplyr de tidyverse. Esta función muestra las columnas del data frame en filas, de manera que permite ver todas las columnas de un data frame cuando este tiene muchas columnas.\n\nglimpse(df)\n\nRows: 14\nColumns: 6\n$ nombre     &lt;chr&gt; \"José Luis Martínez Izquierdo\", \"Rosa Díaz Díaz\",…\n$ edad       &lt;dbl&gt; 18, 32, 24, 35, 46, 68, 51, 22, 35, 46, 53, 58, 2…\n$ sexo       &lt;chr&gt; \"H\", \"M\", \"H\", \"M\", \"M\", \"H\", \"H\", \"M\", \"H\", \"H\",…\n$ peso       &lt;dbl&gt; 85, 65, NA, 65, 51, 66, 62, 60, 90, 75, 55, 78, 1…\n$ altura     &lt;dbl&gt; 1.79, 1.73, 1.81, 1.70, 1.58, 1.74, 1.72, 1.66, 1…\n$ colesterol &lt;dbl&gt; 182, 232, 191, 200, 148, 249, 276, NA, 241, 280, …\n\n\n\n\n\n\n\n\n\n\nMostrar el número de filas del data frame, que corresponde al número de pacientes.\n\n\n\n\n\n\nTipSolución\n\n\n\n\n\nLa función nrow(dataframe) permite mostrar el número de filas del data frame dataframe.\n\nnrow(df)\n\n[1] 14\n\n\n\n\n\n\n\nMostrar 5 filas aleatorias del data frame.\n\n\n\n\n\n\nTipSolución\n\n\n\n\n\n\n\nBase\nTidyverse\n\n\n\nLa función sample(vector, n) permite seleccionar n elementos aleatorios de vector. El muestreo es sin reemplazamiento.\n\ndf[sample(nrow(df), 5), ]\n\n\n\n\nnombre\nedad\nsexo\npeso\naltura\ncolesterol\n\n\n\nMacarena Álvarez Luna\n53\nM\n55\n1.62\n262\n\n\nPedro Gálvez Tenorio\n35\nH\n90\n1.94\n241\n\n\nJavier García Sánchez\n24\nH\nNA\n1.81\n191\n\n\nAntonio Ruiz Cruz\n68\nH\n66\n1.74\n249\n\n\nCarolina Rubio Moreno\n20\nM\n61\n1.77\n194\n\n\n\n\n\n\n\n\nLa función sample_n(dataframe, n) del paquete dplyr de tidyverse permite seleccionar n filas aleatorias del data frame dataframe.\n\ndf |&gt; sample_n(5)\n\n\n\n\nnombre\nedad\nsexo\npeso\naltura\ncolesterol\n\n\n\nAntonio Fernández Ocaña\n51\nH\n62\n1.72\n276\n\n\nJosé Luis Martínez Izquierdo\n18\nH\n85\n1.79\n182\n\n\nMiguel Angel Cuadrado Gutiérrez\n27\nH\n109\n1.98\n210\n\n\nJosé María de la Guía Sanz\n58\nH\n78\n1.87\n198\n\n\nMacarena Álvarez Luna\n53\nM\n55\n1.62\n262\n\n\n\n\n\n\n\n\n\n\n\n\n\n\nObtener los datos de colesterol de los pacientes.\n\n\n\n\n\n\nTipSolución\n\n\n\n\n\n\n\nBase\nTidyverse\n\n\n\nCon las funciones del paquete base de R.\n\ndf$colesterol\n\n [1] 182 232 191 200 148 249 276  NA 241 280 262 198 210 194\n\n\n\n\nCon la función select del paquete dplyr de tidyverse.\n\ndf |&gt; select(colesterol)\n\n\n\n\ncolesterol\n\n\n\n182\n\n\n232\n\n\n191\n\n\n200\n\n\n148\n\n\n249\n\n\n276\n\n\nNA\n\n\n241\n\n\n280\n\n\n262\n\n\n198\n\n\n210\n\n\n194\n\n\n\n\n\n\n\n\n\n\n\n\n\n\nObtener los datos del quinto paciente.\n\n\n\n\n\n\nTipSolución\n\n\n\n\n\n\n\nBase\nTidyverse\n\n\n\nCon las funciones del paquete base de R.\n\ndf[5, ]\n\n\n\n\nnombre\nedad\nsexo\npeso\naltura\ncolesterol\n\n\nMarisa López Collado\n46\nM\n51\n1.58\n148\n\n\n\n\n\n\n\nCon la función slice del paquete dplyr de tidyverse.\n\ndf |&gt; slice(5)\n\n\n\n\nnombre\nedad\nsexo\npeso\naltura\ncolesterol\n\n\nMarisa López Collado\n46\nM\n51\n1.58\n148",
    "crumbs": [
      "<span class='chapter-number'>2</span>  <span class='chapter-title'>Tipos y estructuras de datos</span>"
    ]
  },
  {
    "objectID": "02-tipos-datos.html#ejercicios-propuestos",
    "href": "02-tipos-datos.html#ejercicios-propuestos",
    "title": "\n2  Tipos y estructuras de datos\n",
    "section": "\n2.2 Ejercicios Propuestos",
    "text": "2.2 Ejercicios Propuestos\n\nEjercicio 2.7 La siguiente tabla contiene las notas de un grupo de alumnos en dos asignaturas.\n\n\n\n\nAlumno\nGrupo\nFísica\nQuímica\n\n\n\nJuan\nA\n7.0\n6.7\n\n\nMaría\nB\n3.5\n5.0\n\n\nPedro\nB\n6.0\n7.1\n\n\nAna\nA\n5.2\n4.5\n\n\nLuis\nA\n4.5\nNA\n\n\nSara\nB\n9.0\n9.2\n\n\n\n\n\n\nCrear un vector con los nombres de los alumnos.\nCrear un factor el grupo.\nCrear un vector con las notas de Física y otro con las notas de Química.\nCrear un vector con la nota media de las dos asignaturas.\nCrear un vector booleano con los alumnos que han aprobado el curso. Para aprobar el curso, la nota media de las dos asignaturas debe ser mayor o igual a 5.\nCrear un vector con los nombres de los alumnos que han aprobado el curso.\nCrear un data frame con los nombres de los alumnos, sus notas y su media reutilizando los vectores anteriores.\nGuardar el data frame en un fichero csv.",
    "crumbs": [
      "<span class='chapter-number'>2</span>  <span class='chapter-title'>Tipos y estructuras de datos</span>"
    ]
  },
  {
    "objectID": "03-preprocesamiento-datos.html",
    "href": "03-preprocesamiento-datos.html",
    "title": "\n3  Preprocesamiento de datos\n",
    "section": "",
    "text": "3.1 Ejercicios Resueltos\nEsta práctica contiene ejercicios que muestran como preprocesar un conjunto de datos en R. El preprocesamiento de datos es una tarea fundamental en el análisis de datos que consiste en la limpieza, transformación y preparación de los datos para su análisis. El preprocesamiento de datos incluye tareas como\nPara la realización de esta práctica se requieren los siguientes paquetes.",
    "crumbs": [
      "<span class='chapter-number'>3</span>  <span class='chapter-title'>Preprocesamiento de datos</span>"
    ]
  },
  {
    "objectID": "03-preprocesamiento-datos.html#ejercicios-resueltos",
    "href": "03-preprocesamiento-datos.html#ejercicios-resueltos",
    "title": "\n3  Preprocesamiento de datos\n",
    "section": "",
